0773754496,0742049706,0722328031,0745168918,0746157431,0728461859,0723342806,0770161987,0740262984,0746267878,0744815654,0748151009,0747841455,0747472619,0751886328,0743322365,0747411260,0722695985,0744628824,0724633446,0754010356,0743787626,0742948566,0742147053,0755820511,0744751778,0726699610,0732999640,0751049689,0766903716,0749275996,0744200185,0746461109,0743433053,0728085109,0745546026,0747841451,0752988051,0786227230,0743910731,0741957732,0751667958,0744559092,0759479532,0743763984,0749765271,0744324159,0754970609,0755101188,0756425011,0751274877,0747155418,0743520583,0744488961,0742009714,0766729018,0745379441,0749185081,0745044275,0746080487,0742707389,0744729719,0742810314,0743089023,0746475599,0748585343,0726076355,0771619441,0746314328,0746834195,0743099422,0740857259,0746669622,0756095161,0749358010,0745366707,0773823920,0742094228,0744287961,0748940764,0758548358,0755048900,0770600457,0755469193,0747467059,0725545577,0748148100,0724369333,0746221006,0743994954,0743651291,0752187294,0756090246,0756157431,0741305544,0720536977,0742531488,0747393576,0746675233,0749637639,0730336712,0742668785,0723527649,0758268354,0751695301,0749585175,0769253836,0728325742,0740040899,0744628024,0745994246,0724878767,0728807805,0747196840,0749047989,0740529969,0745209487,0756167077,0769213848,0745940330,0756837070,0741121312,0741224332,0745010098,0744392489,0742561344,0730060017,0756016021,0740097197,0753660449,0746037717,
 for (int i = 0; i <= 150; i++)
  {
    if (getValue("0773754496,0742049706,0722328031,0745168918,0746157431,0728461859,0723342806,0770161987,0740262984,0746267878,0744815654,0748151009,0747841455,0747472619,0751886328,0743322365,0747411260,0722695985,0744628824,0724633446,0754010356,0743787626,0742948566,0742147053,0755820511,0744751778,0726699610,0732999640,0751049689,0766903716,0749275996,0744200185,0746461109,0743433053,0728085109,0745546026,0747841451,0752988051,0786227230,0743910731,0741957732,0751667958,0744559092,0759479532,0743763984,0749765271,0744324159,0754970609,0755101188,0756425011,0751274877,0747155418,0743520583,0744488961,0742009714,0766729018,0745379441,0749185081,0745044275,0746080487,0742707389,0744729719,0742810314,0743089023,0746475599,0748585343,0726076355,0771619441,0746314328,0746834195,0743099422,0740857259,0746669622,0756095161,0749358010,0745366707,0773823920,0742094228,0744287961,0748940764,0758548358,0755048900,0770600457,0755469193,0747467059,0725545577,0748148100,0724369333,0746221006,0743994954,0743651291,0752187294,0756090246,0756157431,0741305544,0720536977,0742531488,0747393576,0746675233,0749637639,0730336712,0742668785,0723527649,0758268354,0751695301,0749585175,0769253836,0728325742,0740040899,0744628024,0745994246,0724878767,0728807805,0747196840,0749047989,0740529969,0745209487,0756167077,0769213848,0745940330,0756837070,0741121312,0741224332,0745010098,0744392489,0742561344,0730060017,0756016021,0740097197,0753660449,0746037717", ',', i) != "!")
    {
      String valTemp = getValue("0773754496,0742049706,0722328031,0745168918,0746157431,0728461859,0723342806,0770161987,0740262984,0746267878,0744815654,0748151009,0747841455,0747472619,0751886328,0743322365,0747411260,0722695985,0744628824,0724633446,0754010356,0743787626,0742948566,0742147053,0755820511,0744751778,0726699610,0732999640,0751049689,0766903716,0749275996,0744200185,0746461109,0743433053,0728085109,0745546026,0747841451,0752988051,0786227230,0743910731,0741957732,0751667958,0744559092,0759479532,0743763984,0749765271,0744324159,0754970609,0755101188,0756425011,0751274877,0747155418,0743520583,0744488961,0742009714,0766729018,0745379441,0749185081,0745044275,0746080487,0742707389,0744729719,0742810314,0743089023,0746475599,0748585343,0726076355,0771619441,0746314328,0746834195,0743099422,0740857259,0746669622,0756095161,0749358010,0745366707,0773823920,0742094228,0744287961,0748940764,0758548358,0755048900,0770600457,0755469193,0747467059,0725545577,0748148100,0724369333,0746221006,0743994954,0743651291,0752187294,0756090246,0756157431,0741305544,0720536977,0742531488,0747393576,0746675233,0749637639,0730336712,0742668785,0723527649,0758268354,0751695301,0749585175,0769253836,0728325742,0740040899,0744628024,0745994246,0724878767,0728807805,0747196840,0749047989,0740529969,0745209487,0756167077,0769213848,0745940330,0756837070,0741121312,0741224332,0745010098,0744392489,0742561344,0730060017,0756016021,0740097197,0753660449,0746037717", ',', i);
      //Serial.println(valTemp);
      DB.insertNrTel(valTemp);
    }
    else
    {
      break;
    }